278485391165970724333648292573411832171
2829313939463750814984884989431368559
255812181389433800451327842441650200264
222190534461520838614358741292077253444
123027592070920660996488309663833729338
265054478718630852523838193044225179144
194916960477164744241242668455265749050
163829584347856677719605943273818718754
19792102686818527222542248056776694981
76543607132690056818837546675621478121
67690639562908739701960554995164189103
316983907325689536334355486753666674827
306006899000145009617743176148662272252
304396019548523974838072433834229120258
135212709492921225206824863101937531601
59707774288202406839869396943770428081
214792385022860995250559709259616130020
170222376936427941355471218879611434393
47280706601717796827643415157352020930
248379215267471694824648201709914284579